	4322 			0.1000 	0 	100.0 		4326 			0.1140 	0.000 	114 		4339 			0.2365 	0.00 	237		4343 			0.5333 	0.00 	533
	4306 	4266 	76 	0.1000 	1 	100.0 		4311 	4266 	76 	0.1140 	1 	114		4323 	4228 	76 	0.2365 	1.00 	237		4325 	4112 	76 	0.5333 	1.00 	533
	4293 	4252 	152 	0.1030 	2 	103.0 		4297 	4252 	151 	0.1130 	2 	113		4308 	4213 	151 	0.2380 	2.00 	238		4311 	4094 	152 	0.5418 	2.00 	542
	4280 	4239 	227 	0.1030 	3 	103.0 		4285 	4239 	227 	0.1145 	3 	115		4295 	4199 	227 	0.2395 	3.00 	240		4297 	4079 	228 	0.5440 	3.00 	544
	4268 	4227 	303 	0.1030 	4 	103.0 		4272 	4226 	302 	0.1155 	4 	116		4282 	4186 	303 	0.2405 	4.00 	241		4284 	4069 	304 	0.5370 	4.00 	537
	4256 	4214 	379 	0.1047 	5 	105.0 		4260 	4215 	378 	0.1138 	5 	114		4270 	4173 	379 	0.2427 	5.00 	243		4271 	4056 	380 	0.5373 	5.00 	537
	4244 	4202 	455 	0.1030 	6 	103.0 		4249 	4202 	454 	0.1163 	6 	116		4258 	4160 	454 	0.2443 	6.00 	244		4259 	4045 	455 	0.5355 	6.00 	536
	4232 	4190 	531 	0.1038 	7 	104.0 		4236 	4190 	529 	0.1170 	7 	117		4246 	4148 	530 	0.2443 	7.00 	244		4247 	4031 	531 	0.5387 	7.00 	539
	4220 	4178 	606 	0.1038 	8 	104.0 		4225 	4178 	605 	0.1170 	8 	117		4234 	4136 	606 	0.2457 	8.00 	246		4235 	4019 	607 	0.5395 	8.00 	540
	4208 	4166 	682 	0.1047 	9 	105.0 		4213 	4166 	680 	0.1178 	9 	118		4222 	4124 	681 	0.2458 	9.00 	246		4223 	4010 	683 	0.5315 	9.00 	532
	4197 	4155 	758 	0.1047 	11 	105.0 		4202 	4154 	756 	0.1185 	11 	119		4210 	4111 	757 	0.2480 	10.00 	248		4211 	3999 	759 	0.5285 	10.00 	529
	4185 	4143 	834 	0.1045 	12 	104.0 		4191 	4143 	832 	0.1195 	12 	120		4199 	4100 	833 	0.2472 	11.00 	247		4200 	3988 	835 	0.5288 	11.00 	529
	4174 	4132 	910 	0.1052 	13 	105.0 		4179 	4131 	907 	0.1193 	13 	119		4187 	4088 	908 	0.2495 	12.00 	249		4188 	3975 	911 	0.5325 	12.00 	533
	4162 	4120 	985 	0.1048 	14 	105.0 		4168 	4120 	983 	0.1185 	14 	118		4176 	4077 	984 	0.2488 	13.00 	249		4177 	3967 	987 	0.5230 	13.00 	523
	4151 	4109 	1061 	0.1053 	15 	105.0 		4156 	4110 	1059 	0.1170 	15 	117		4165 	4064 	1060 	0.2527 	14.00 	253		4165 	3954 	1063 	0.5277 	15.00 	528
	4140 	4098 	1137 	0.1055 	16 	106.0 		4146 	4099 	1134 	0.1163 	16 	116		4154 	4053 	1136 	0.2535 	15.00 	253		4154 	3942 	1139 	0.5307 	16.00 	531
	4129 	4087 	1213 	0.1055 	17 	106.0 		4135 	4088 	1210 	0.1185 	17 	119		4144 	4041 	1211 	0.2557 	16.00 	256		4143 	3932 	1214 	0.5278 	17.00 	528
	4118 	4076 	1289 	0.1063 	18 	106.0 		4124 	4076 	1286 	0.1200 	18 	120		4133 	4030 	1287 	0.2565 	17.00 	257		4132 	3921 	1290 	0.5262 	18.00 	526
	4108 	4065 	1364 	0.1070 	19 	107.0 		4114 	4065 	1361 	0.1218 	19 	122		4122 	4018 	1363 	0.2598 	18.00 	260		4121 	3909 	1366 	0.5293 	19.00 	529
	4097 	4054 	1440 	0.1070 	20 	107.0 		4102 	4054 	1437 	0.1200 	20 	120		4111 	4007 	1438 	0.2603 	20.00 	260		4109 	3898 	1442 	0.5288 	20.00 	529
	4087 	4044 	1516 	0.1078 	21 	108.0 		4093 	4045 	1512 	0.1193 	21 	119		4101 	3996 	1514 	0.2620 	21.00 	262		4098 	3887 	1518 	0.5270 	21.00 	527
	4076 	4033 	1592 	0.1078 	22 	108.0 		4084 	4035 	1588 	0.1225 	22 	123		4089 	3987 	1590 	0.2550 	22.00 	255		4087 	3878 	1594 	0.5225 	22.00 	523
	4067 	4023 	1668 	0.1078 	23 	108.0 		4075 	4025 	1664 	0.1233 	23 	123		4080 	3974 	1665 	0.2650 	23.00 	265		4077 	3868 	1670 	0.5230 	23.00 	523
	4057 	4013 	1743 	0.1093 	24 	109.0 		4065 	4016 	1739 	0.1233 	24 	123		4072 	3973 	1741 	0.2488 	24.00 	249		4069 	3858 	1746 	0.5288 	24.00 	529
	4047 	4003 	1819 	0.1093 	25 	109.0 		4055 	4003 	1815 	0.1288 	25 	129		4064 	3955 	1817 	0.2720 	25.00 	272		4061 	3848 	1822 	0.5318 	25.00 	532
	4037 	3994 	1895 	0.1093 	26 	109.0 		4044 	3992 	1891 	0.1308 	26 	131		4053 	3943 	1893 	0.2750 	26.00 	275		4052 	3836 	1898 	0.5403 	26.00 	540
	4028 	3984 	1971 	0.1108 	27 	111.0 		4033 	3981 	1966 	0.1303 	27 	130		4039 	3929 	1968 	0.2753 	27.00 	275		4037 	3824 	1973 	0.5318 	27.00 	532
	4019 	3974 	2047 	0.1115 	28 	112.0 		4024 	3971 	2042 	0.1325 	28 	133		4026 	3914 	2044 	0.2798 	28.00 	280		4020 	3810 	2049 	0.5263 	28.00 	526
	4010 	3965 	2122 	0.1125 	29 	113.0 		4014 	3962 	2117 	0.1318 	29 	132		4010 	3901 	2120 	0.2738 	29.00 	274		4003 	3794 	2125 	0.5230 	29.00 	523
	4001 	3956 	2198 	0.1125 	31 	113.0 		4006 	3952 	2193 	0.1340 	31 	134		3998 	3888 	2195 	0.2738 	30.00 	274		3988 	3781 	2201 	0.5178 	30.00 	518
	3993 	3947 	2274 	0.1132 	32 	113.0 		3998 	3944 	2269 	0.1350 	32 	135		3992 	3897 	2275 	0.2365 	31.00 	237		3974 	3769 	2277 	0.5130 	31.00 	513
	3984 	3938 	2350 	0.1148 	33 	115.0 		3990 	3936 	2344 	0.1363 	33 	136		3983 	3880 	2351 	0.2582 	32.00 	258		3963 	3758 	2353 	0.5115 	32.00 	512
	3976 	3930 	2426 	0.1148 	34 	115.0 		3983 	3928 	2420 	0.1380 	34 	138		3975 	3864 	2427 	0.2768 	33.00 	277		3954 	3750 	2429 	0.5082 	33.00 	508
	3968 	3921 	2501 	0.1163 	35 	116.0 		3975 	3920 	2495 	0.1372 	35 	137		3969 	3869 	2502 	0.2503 	34.00 	250		3946 	3741 	2505 	0.5130 	34.00 	513
	3960 	3912 	2577 	0.1193 	36 	119.0 		3967 	3911 	2571 	0.1395 	36 	140		3961 	3850 	2578 	0.2783 	35.00 	278		3939 	3734 	2581 	0.5118 	35.00 	512
	3952 	3904 	2653 	0.1203 	37 	120.0 		3959 	3903 	2647 	0.1410 	37 	141		3952 	3843 	2654 	0.2713 	36.00 	271		3931 	3728 	2657 	0.5078 	36.00 	508
	3944 	3895 	2729 	0.1210 	38 	121.0 		3950 	3894 	2722 	0.1410 	38 	141		3943 	3835 	2730 	0.2720 	37.00 	272		3924 	3721 	2732 	0.5078 	37.00 	508
	3935 	3886 	2805 	0.1223 	39 	122.0 		3942 	3885 	2798 	0.1410 	39 	141		3936 	3827 	2805 	0.2722 	38.00 	272		3916 	3715 	2808 	0.5038 	38.00 	504
	3926 	3877 	2880 	0.1243 	40 	124.0 		3932 	3876 	2873 	0.1388 	40 	139		3926 	3819 	2881 	0.2683 	39.00 	268		3909 	3707 	2884 	0.5045 	39.00 	505
	3915 	3867 	2956 	0.1203 	41 	120.0 		3920 	3868 	2949 	0.1278 	41 	128		3916 	3811 	2957 	0.2628 	40.00 	263		3902 	3699 	2960 	0.5053 	40.00 	505
	3903 	3857 	3032 	0.1140 	42 	114.0 		3907 	3856 	3025 	0.1270 	42 	127		3906 	3804 	3032 	0.2565 	41.00 	257		3894 	3692 	3036 	0.5045 	41.00 	504
	3891 	3847 	3108 	0.1100 	43 	110.0 		3896 	3848 	3100 	0.1218 	43 	122		3897 	3795 	3108 	0.2550 	42.00 	255		3891 	3685 	3112 	0.5153 	42.00 	515
	3881 	3838 	3184 	0.1070 	44 	107.0 		3887 	3840 	3176 	0.1178 	44 	118		3889 	3787 	3184 	0.2533 	43.00 	253		3881 	3678 	3188 	0.5063 	44.00 	506
	3873 	3831 	3259 	0.1060 	45 	106.0 		3880 	3832 	3251 	0.1178 	45 	118		3880 	3780 	3259 	0.2505 	44.00 	251		3873 	3671 	3264 	0.5038 	45.00 	504
	3867 	3824 	3335 	0.1053 	46 	105.0 		3873 	3826 	3327 	0.1163 	46 	116		3873 	3774 	3335 	0.2480 	45.00 	248		3866 	3664 	3340 	0.5038 	46.00 	504
	3860 	3818 	3411 	0.1053 	47 	105.0 		3867 	3821 	3403 	0.1155 	47 	116		3866 	3766 	3411 	0.2488 	46.00 	249		3859 	3656 	3416 	0.5085 	47.00 	509
	3854 	3812 	3487 	0.1053 	48 	105.0 		3861 	3815 	3478 	0.1155 	48 	116		3859 	3760 	3487 	0.2480 	47.00 	248		3853 	3649 	3491 	0.5115 	48.00 	512
	3849 	3807 	3563 	0.1063 	49 	106.0 		3855 	3809 	3554 	0.1163 	49 	116		3853 	3754 	3562 	0.2472 	48.00 	247		3847 	3643 	3567 	0.5093 	49.00 	509
	3844 	3802 	3638 	0.1048 	51 	105.0 		3850 	3804 	3629 	0.1155 	50 	116		3847 	3748 	3638 	0.2480 	49.00 	248		3841 	3638 	3643 	0.5078 	50.00 	508
	3839 	3797 	3714 	0.1045 	52 	104.0 		3845 	3799 	3705 	0.1163 	52 	116		3842 	3743 	3714 	0.2488 	50.00 	249		3836 	3631 	3719 	0.5115 	51.00 	512
	3834 	3792 	3790 	0.1055 	53 	106.0 		3841 	3796 	3781 	0.1140 	53 	114		3837 	3739 	3789 	0.2465 	51.00 	247		3831 	3626 	3795 	0.5133 	52.00 	513
	3830 	3788 	3866 	0.1053 	54 	105.0 		3837 	3792 	3856 	0.1125 	54 	113		3832 	3733 	3865 	0.2488 	52.00 	249		3826 	3619 	3871 	0.5170 	53.00 	517
	3825 	3783 	3942 	0.1055 	55 	106.0 		3833 	3787 	3932 	0.1147 	55 	115		3828 	3728 	3941 	0.2498 	53.00 	250		3821 	3615 	3947 	0.5160 	54.00 	516
	3821 	3779 	4017 	0.1060 	56 	106.0 		3829 	3782 	4008 	0.1170 	56 	117		3823 	3723 	4016 	0.2503 	54.00 	250		3817 	3608 	4023 	0.5223 	55.00 	522
	3817 	3774 	4093 	0.1078 	57 	108.0 		3825 	3778 	4083 	0.1195 	57 	120		3819 	3718 	4092 	0.2528 	56.00 	253		3812 	3603 	4099 	0.5225 	56.00 	523
	3813 	3770 	4169 	0.1063 	58 	106.0 		3822 	3774 	4159 	0.1195 	58 	119		3815 	3714 	4168 	0.2528 	57.00 	253		3808 	3598 	4175 	0.5230 	57.00 	523
	3809 	3766 	4245 	0.1070 	59 	107.0 		3818 	3770 	4235 	0.1193 	59 	119		3811 	3710 	4244 	0.2543 	58.00 	254		3804 	3594 	4250 	0.5255 	58.00 	526
	3806 	3763 	4321 	0.1078 	60 	108.0 		3815 	3767 	4310 	0.1200 	60 	120		3808 	3706 	4319 	0.2543 	59.00 	254		3800 	3589 	4326 	0.5280 	59.00 	528
	3802 	3759 	4396 	0.1075 	61 	108.0 		3812 	3763 	4386 	0.1215 	61 	122		3805 	3703 	4395 	0.2550 	60.00 	255		3796 	3584 	4402 	0.5307 	60.00 	531
	3799 	3756 	4472 	0.1085 	62 	108.0 		3809 	3760 	4462 	0.1233 	62 	123		3801 	3698 	4471 	0.2580 	61.00 	258		3791 	3576 	4479 	0.5388 	61.00 	539
	3797 	3752 	4548 	0.1103 	63 	110.0 		3806 	3757 	4537 	0.1233 	63 	123		3798 	3695 	4546 	0.2588 	62.00 	259		3788 	3573 	4555 	0.5365 	62.00 	537
	3793 	3749 	4624 	0.1103 	64 	110.0 		3803 	3753 	4613 	0.1248 	64 	125		3795 	3691 	4622 	0.2605 	63.00 	261		3784 	3567 	4631 	0.5428 	63.00 	543
	3791 	3746 	4700 	0.1118 	65 	112.0 		3801 	3751 	4689 	0.1248 	65 	125		3792 	3688 	4698 	0.2605 	64.00 	261		3781 	3564 	4707 	0.5428 	64.00 	543
	3788 	3743 	4775 	0.1132 	66 	113.0 		3797 	3748 	4764 	0.1232 	66 	123		3789 	3685 	4773 	0.2613 	65.00 	261		3778 	3559 	4783 	0.5472 	65.00 	547
	3785 	3740 	4851 	0.1140 	67 	114.0 		3795 	3746 	4840 	0.1240 	67 	124		3787 	3681 	4849 	0.2628 	66.00 	263		3776 	3555 	4859 	0.5510 	66.00 	551
	3783 	3737 	4927 	0.1148 	68 	115.0 		3793 	3743 	4915 	0.1247 	68 	125		3784 	3679 	4925 	0.2628 	67.00 	263		3773 	3552 	4934 	0.5535 	67.00 	553
	3779 	3734 	5003 	0.1140 	70 	114.0 		3790 	3740 	4991 	0.1255 	69 	126		3781 	3675 	5000 	0.2660 	68.00 	266		3771 	3549 	5010 	0.5532 	68.00 	553
	3774 	3730 	5079 	0.1107 	71 	111.0 		3787 	3737 	5067 	0.1240 	70 	124		3779 	3673 	5076 	0.2650 	69.00 	265		3769 	3546 	5086 	0.5565 	69.00 	557
	3766 	3724 	5154 	0.1055 	72 	106.0 		3783 	3734 	5142 	0.1218 	72 	122		3777 	3671 	5152 	0.2658 	70.00 	266		3767 	3543 	5162 	0.5613 	70.00 	561
	3759 	3717 	5230 	0.1048 	73 	105.0 		3779 	3731 	5218 	0.1195 	73 	119		3775 	3668 	5228 	0.2668 	71.00 	267		3766 	3539 	5238 	0.5653 	72.00 	565
	3753 	3712 	5306 	0.1025 	74 	103.0 		3775 	3728 	5293 	0.1180 	74 	118		3774 	3667 	5303 	0.2688 	72.00 	269		3763 	3531 	5314 	0.5805 	73.00 	581
	3750 	3706 	5382 	0.1095 	75 	110.0 		3772 	3725 	5369 	0.1180 	75 	118		3772 	3672 	5379 	0.2505 	73.00 	251		3761 	3531 	5390 	0.5750 	74.00 	575
	3746 	3703 	5458 	0.1063 	76 	106.0 		3768 	3721 	5445 	0.1178 	76 	118		3770 	3664 	5455 	0.2643 	74.00 	264		3759 	3527 	5466 	0.5815 	75.00 	582
	3742 	3699 	5533 	0.1063 	77 	106.0 		3764 	3717 	5520 	0.1170 	77 	117		3767 	3661 	5530 	0.2665 	75.00 	267		3757 	3524 	5542 	0.5823 	76.00 	582
	3738 	3695 	5609 	0.1063 	78 	106.0 		3760 	3714 	5596 	0.1148 	78 	115		3765 	3658 	5606 	0.2665 	76.00 	267		3754 	3520 	5618 	0.5868 	77.00 	587
	3734 	3692 	5685 	0.1060 	79 	106.0 		3756 	3710 	5672 	0.1155 	79 	116		3762 	3656 	5682 	0.2668 	77.00 	267		3751 	3514 	5693 	0.5922 	78.00 	592
	3731 	3688 	5761 	0.1068 	80 	107.0 		3753 	3706 	5747 	0.1163 	80 	116		3760 	3652 	5757 	0.2698 	78.00 	270		3748 	3510 	5769 	0.5968 	79.00 	597
	3727 	3685 	5837 	0.1070 	81 	107.0 		3749 	3702 	5823 	0.1178 	81 	118		3757 	3648 	5833 	0.2705 	79.00 	271		3745 	3505 	5845 	0.6015 	80.00 	602
	3723 	3680 	5912 	0.1078 	82 	108.0 		3745 	3698 	5898 	0.1178 	82 	118		3753 	3644 	5909 	0.2723 	80.00 	272		3742 	3498 	5921 	0.6085 	81.00 	609
	3718 	3675 	5988 	0.1085 	83 	109.0 		3739 	3692 	5974 	0.1170 	83 	117		3749 	3640 	5985 	0.2743 	81.00 	274		3739 	3490 	5997 	0.6215 	82.00 	622
	3711 	3668 	6064 	0.1070 	84 	107.0 		3733 	3686 	6050 	0.1163 	84 	116		3744 	3634 	6060 	0.2753 	82.00 	275		3734 	3469 	6073 	0.6618 	83.00 	662
	3704 	3663 	6140 	0.1040 	85 	104.0 		3727 	3680 	6125 	0.1170 	85 	117		3739 	3629 	6136 	0.2735 	83.00 	274		3729 	3475 	6149 	0.6340 	84.00 	634
	3700 	3656 	6216 	0.1108 	86 	111.0 		3722 	3674 	6201 	0.1185 	86 	118		3734 	3622 	6212 	0.2783 	84.00 	278		3724 	3467 	6225 	0.6433 	85.00 	643
	3693 	3650 	6291 	0.1085 	87 	108.0 		3715 	3667 	6276 	0.1185 	87 	119		3728 	3617 	6287 	0.2780 	85.00 	278		3718 	3458 	6301 	0.6510 	86.00 	651
	3685 	3643 	6367 	0.1053 	88 	105.0 		3706 	3659 	6352 	0.1163 	88 	116		3723 	3610 	6363 	0.2815 	86.00 	282		3712 	3447 	6376 	0.6633 	87.00 	663
	3682 	3640 	6443 	0.1053 	90 	105.0 		3702 	3656 	6428 	0.1148 	89 	115		3716 	3603 	6439 	0.2828 	87.00 	283		3708 	3435 	6452 	0.6805 	88.00 	681
	3681 	3638 	6519 	0.1078 	91 	108.0 		3700 	3654 	6503 	0.1163 	90 	116		3708 	3595 	6514 	0.2823 	88.00 	282		3703 	3423 	6528 	0.6983 	89.00 	698
	3679 	3636 	6595 	0.1085 	92 	109.0 		3699 	3652 	6579 	0.1193 	92 	119		3702 	3587 	6590 	0.2875 	89.00 	288		3699 	3410 	6604 	0.7215 	90.00 	722
	3677 	3633 	6670 	0.1108 	93 	111.0 		3698 	3649 	6655 	0.1225 	93 	123		3699 	3583 	6666 	0.2908 	90.00 	291		3695 	3395 	6680 	0.7495 	91.00 	750
	3675 	3629 	6746 	0.1155 	94 	116.0 		3696 	3645 	6730 	0.1270 	94 	127		3697 	3578 	6742 	0.2968 	91.00 	297		3690 	3378 	6756 	0.7820 	92.00 	782
	3671 	3622 	6822 	0.1225 	95 	123.0 		3692 	3638 	6806 	0.1343 	95 	134		3695 	3573 	6817 	0.3040 	93.00 	304		3686 	3354 	6832 	0.8300 	93.00 	830
	3653 	3605 	6898 	0.1185 	96 	119.0 		3675 	3622 	6881 	0.1325 	96 	133		3692 	3567 	6893 	0.3133 	94.00 	313		3680 	3274 	6908 	1.0153 	94.00 	1015
	3614 	3568 	6974 	0.1140 	97 	114.0 		3636 	3586 	6957 	0.1257 	97 	126		3689 	3557 	6969 	0.3295 	95.00 	329		3670 	3285 	6984 	0.9628 	95.00 	963
	3562 	3516 	7049 	0.1155 	98 	116.0 		3584 	3533 	7033 	0.1280 	98 	128		3680 	3542 	7044 	0.3450 	96.00 	345		3652 	3230 	7060 	1.0550 	96.00 	1055
	3494 	3446 	7125 	0.1188 	99 	119.0 		3514 	3461 	7108 	0.1333 	99 	133		3652 	3512 	7120 	0.3495 	97.00 	350		3622 	3143 	7135 	1.1975 	97.00 	1198
	3396 	3345 	7201 	0.1263 	100 	126.0 		3412 	3355 	7184 	0.1433 	100 	143		3605 	3458 	7196 	0.3660 	98.00 	366		3578 	3008 	7211 	1.4253 	98.00 	1425
	3224 	3160 	7277 	0.1580 	101 	158.0 		3219 	3140 	7259 	0.1993 	101 	199		3540 	3380 	7271 	0.4007 	99.00 	401		3545 	2999 	7259 	1.3655 	99.00 	1366
	3099 	2999 	7304 	0.2503 	101 	250.0 		3117 	2999 	7279 	0.2960 	101 	296		3447 	3260 	7347 	0.4675 	100.00 	468		3516 	2999 	7295 	1.2928 	100.00 	1293
	3076 	2998 	7309 	0.1955 	102 	196.0 		3095 	2999 	7283 	0.2410 	101 	241		3291 	3034 	7423 		101.00 			3400 	2984 	7325 	1.0403 	100.00 	1040
